100
5 20
9952 4765 6492 2931 9227 
10000 10000 10000 10000 10000 
6 14
345 1083 2097 9975 841 7683 
10000 10000 10000 10000 10000 10000 
6 4
3062 1547 1693 6751 1744 4263 
10000 10000 10000 10000 10000 10000 
7 25
9771 7293 3491 2159 1444 7689 564 
10000 10000 10000 10000 10000 10000 10000 
7 44
1164 1880 9139 9545 3901 3081 6454 
10000 10000 10000 10000 10000 10000 10000 
6 19
3143 2588 2331 5115 1275 7024 
10000 10000 10000 10000 10000 10000 
7 11
2995 4224 8594 4623 9226 8107 681 
10000 10000 10000 10000 10000 10000 10000 
6 33
2880 7517 9610 1145 4801 8378 
10000 10000 10000 10000 10000 10000 
5 7
4810 2104 6146 5264 9317 
10000 10000 10000 10000 10000 
7 33
1963 5574 2695 7069 8768 1777 722 
10000 10000 10000 10000 10000 10000 10000 
7 30
4026 7815 4400 4191 4077 41 2324 
10000 10000 10000 10000 10000 10000 10000 
7 17
4980 1643 1836 3586 753 2210 5151 
10000 10000 10000 10000 10000 10000 10000 
5 24
201 7641 8434 7338 490 
10000 10000 10000 10000 10000 
7 19
7913 8185 4836 9826 7731 1805 1070 
10000 10000 10000 10000 10000 10000 10000 
5 6
887 6913 1737 6407 1408 
10000 10000 10000 10000 10000 
7 18
7787 5615 8502 3383 6908 77 3410 
10000 10000 10000 10000 10000 10000 10000 
6 19
8502 5667 3611 6880 1132 7580 
10000 10000 10000 10000 10000 10000 
7 8
7638 6055 5254 5779 1941 8418 1628 
10000 10000 10000 10000 10000 10000 10000 
6 31
8793 6701 5657 333 1304 1724 
10000 10000 10000 10000 10000 10000 
6 13
8519 3294 8462 9796 5957 5112 
10000 10000 10000 10000 10000 10000 
6 15
3402 2277 9807 9993 673 5382 
10000 10000 10000 10000 10000 10000 
5 23
5790 2805 1825 5547 2700 
10000 10000 10000 10000 10000 
6 7
2666 4000 5453 1876 2953 5181 
10000 10000 10000 10000 10000 10000 
6 32
1057 8940 9889 4515 1422 5347 
10000 10000 10000 10000 10000 10000 
6 2
1875 7214 6180 72 3228 6851 
10000 10000 10000 10000 10000 10000 
6 3
3770 5993 5736 9174 1135 7823 
10000 10000 10000 10000 10000 10000 
7 17
794 773 4913 4132 1712 1947 6498 
10000 10000 10000 10000 10000 10000 10000 
5 23
8135 9337 1482 6480 5588 
10000 10000 10000 10000 10000 
5 20
3859 4884 6949 6505 8600 
10000 10000 10000 10000 10000 
5 3
7820 6495 1339 5080 6902 
10000 10000 10000 10000 10000 
6 5
8819 3924 9061 8317 8685 4561 
10000 10000 10000 10000 10000 10000 
7 40
7616 3029 4249 972 585 4045 974 
10000 10000 10000 10000 10000 10000 10000 
5 5
5219 4049 2800 7035 7047 
10000 10000 10000 10000 10000 
5 12
582 2793 5487 5412 6056 
10000 10000 10000 10000 10000 
6 11
7912 9348 2569 7705 6370 8525 
10000 10000 10000 10000 10000 10000 
7 34
8285 5030 6210 464 6269 1374 110 
10000 10000 10000 10000 10000 10000 10000 
6 11
3852 2060 671 2509 9782 8036 
10000 10000 10000 10000 10000 10000 
6 5
129 1731 3034 9227 1282 766 
10000 10000 10000 10000 10000 10000 
6 26
5111 1403 3326 1365 6506 6115 
10000 10000 10000 10000 10000 10000 
6 35
63 3771 868 7266 6097 9804 
10000 10000 10000 10000 10000 10000 
6 3
6918 751 115 5707 9252 7869 
10000 10000 10000 10000 10000 10000 
7 23
3718 1693 3639 4356 9348 4539 8109 
10000 10000 10000 10000 10000 10000 10000 
5 9
1812 5708 3969 988 7159 
10000 10000 10000 10000 10000 
6 2
9073 5004 7264 707 2955 5293 
10000 10000 10000 10000 10000 10000 
7 43
4496 415 7275 6994 8201 235 7613 
10000 10000 10000 10000 10000 10000 10000 
7 1
4788 7950 8693 9342 3750 8885 3943 
10000 10000 10000 10000 10000 10000 10000 
7 18
628 8927 7320 3078 5317 4955 3354 
10000 10000 10000 10000 10000 10000 10000 
7 46
8400 6281 8298 6544 1452 6189 4541 
10000 10000 10000 10000 10000 10000 10000 
6 34
9008 1931 6593 9764 1535 2156 
10000 10000 10000 10000 10000 10000 
6 11
9740 127 732 7000 2904 7608 
10000 10000 10000 10000 10000 10000 
7 30
8886 5476 2321 5905 8682 5214 1787 
10000 10000 10000 10000 10000 10000 10000 
5 8
1725 9849 8276 2005 5848 
10000 10000 10000 10000 10000 
6 11
4902 7609 8594 2300 790 1499 
10000 10000 10000 10000 10000 10000 
6 11
699 4780 9758 5970 8537 9299 
10000 10000 10000 10000 10000 10000 
5 19
175 3373 8319 7973 9967 
10000 10000 10000 10000 10000 
6 26
7817 726 1613 9905 9808 3955 
10000 10000 10000 10000 10000 10000 
6 2
2111 7659 6049 7615 6478 2338 
10000 10000 10000 10000 10000 10000 
6 20
9563 2955 6879 192 5743 3190 
10000 10000 10000 10000 10000 10000 
7 40
7223 8889 3870 7047 7452 2216 9032 
10000 10000 10000 10000 10000 10000 10000 
7 33
6875 803 9057 7041 5385 5375 8162 
10000 10000 10000 10000 10000 10000 10000 
5 15
9029 2404 771 4688 7405 
10000 10000 10000 10000 10000 
6 28
8657 7952 1120 930 7150 3641 
10000 10000 10000 10000 10000 10000 
6 35
8628 9145 3850 3420 839 3747 
10000 10000 10000 10000 10000 10000 
7 17
1781 3438 6956 4847 3673 8084 2288 
10000 10000 10000 10000 10000 10000 10000 
6 22
5365 529 6102 2506 4832 8417 
10000 10000 10000 10000 10000 10000 
6 3
9748 8869 3603 7812 8761 6933 
10000 10000 10000 10000 10000 10000 
5 20
3910 8316 6481 9504 5636 
10000 10000 10000 10000 10000 
6 14
7878 5666 3630 4066 9 4953 
10000 10000 10000 10000 10000 10000 
5 13
5294 7517 9234 4923 8729 
10000 10000 10000 10000 10000 
6 27
8871 2501 2282 3768 7898 9589 
10000 10000 10000 10000 10000 10000 
6 35
683 5153 8075 6116 8677 9617 
10000 10000 10000 10000 10000 10000 
5 2
2322 629 4005 2854 8496 
10000 10000 10000 10000 10000 
7 40
370 7679 1760 6799 8715 100 5337 
10000 10000 10000 10000 10000 10000 10000 
5 21
9203 3940 4003 8910 2580 
10000 10000 10000 10000 10000 
5 1
783 2887 2541 1032 568 
10000 10000 10000 10000 10000 
7 48
6866 4417 5491 5484 4664 670 8346 
10000 10000 10000 10000 10000 10000 10000 
7 19
8264 6523 4082 1092 3222 9180 2343 
10000 10000 10000 10000 10000 10000 10000 
7 10
2657 7172 5722 4704 2478 8801 7088 
10000 10000 10000 10000 10000 10000 10000 
6 3
35 6243 791 2279 3118 1792 
10000 10000 10000 10000 10000 10000 
6 26
5496 9007 8521 8369 1517 1360 
10000 10000 10000 10000 10000 10000 
5 21
2029 4690 9734 7730 7894 
10000 10000 10000 10000 10000 
7 1
2131 640 5186 224 9274 7035 311 
10000 10000 10000 10000 10000 10000 10000 
5 5
2085 8447 4496 6896 7192 
10000 10000 10000 10000 10000 
6 33
2682 134 3174 4880 779 1436 
10000 10000 10000 10000 10000 10000 
7 24
9673 2985 5183 8240 8136 6590 5965 
10000 10000 10000 10000 10000 10000 10000 
6 14
1598 1455 9634 2363 6202 5274 
10000 10000 10000 10000 10000 10000 
7 34
9402 7359 6815 5574 9757 1687 5607 
10000 10000 10000 10000 10000 10000 10000 
6 19
5087 7850 1223 2612 6133 3461 
10000 10000 10000 10000 10000 10000 
7 19
5272 6444 1496 4039 8784 76 6171 
10000 10000 10000 10000 10000 10000 10000 
5 16
1860 2918 776 2094 4192 
10000 10000 10000 10000 10000 
5 19
939 3470 2007 1861 2575 
10000 10000 10000 10000 10000 
7 28
4188 2841 3657 3161 1400 5597 5472 
10000 10000 10000 10000 10000 10000 10000 
7 9
2206 4376 2206 5214 5409 4427 6216 
10000 10000 10000 10000 10000 10000 10000 
6 27
1225 5115 4599 4528 3134 8530 
10000 10000 10000 10000 10000 10000 
6 35
7981 6118 6070 375 7142 2543 
10000 10000 10000 10000 10000 10000 
7 44
1236 9157 9502 3458 2233 3552 8552 
10000 10000 10000 10000 10000 10000 10000 
7 7
6044 8644 7624 2739 6046 8394 4208 
10000 10000 10000 10000 10000 10000 10000 
7 17
6551 6263 5924 7845 4589 2581 5749 
10000 10000 10000 10000 10000 10000 10000 
5 18
6668 436 4211 3237 331 
10000 10000 10000 10000 10000 
6 28
4649 4707 5121 8188 6527 9153 
10000 10000 10000 10000 10000 10000 
